{
 "cells": [
  {
   "cell_type": "markdown",
   "metadata": {},
   "source": [
    "# Non Binary Classification Model using Julia Flux"
   ]
  },
  {
   "cell_type": "markdown",
   "metadata": {},
   "source": [
    "Version: 1.00"
   ]
  },
  {
   "cell_type": "markdown",
   "metadata": {},
   "source": [
    "### Readme"
   ]
  },
  {
   "cell_type": "markdown",
   "metadata": {},
   "source": [
    "I did the \"**Deep Learning with Flux**\" course provided by **Julia Academy** (https://juliaacademy.com/courses/). I express my sincere gratitude to **Dr. Matt Bauman** for presenting this course and sharing the associated Jupyter Notebook. This notebook is associated with second lecture \"**Introduction to Neural Networks**\" of the mentioned course.\n",
    "\n",
    "As I was attending the lecture, I realized I need to code myself to understand and record my inferences and in the process came up with this working notebook. Intent is to have this for my future reference as well as be useful to someone new to the field learning ML/DL.\n",
    "\n",
    "This notebook provides a quick introduction to **Neural Networks** by having a **Non Binary Classification Model** implemented to **classify Apples, Bananas and Grapes Images**. \n",
    "\n",
    "Details of what this notebook covers is listed below:\n",
    "- How to setup the Environment\n",
    "- Where to get the datasets from \n",
    "- Which packages to install and how\n",
    "- Understanding Multiple Output Model\n",
    "- Quick recap on Matrix Multiplication\n",
    "- Prepare input data for the model\n",
    "- Quick Introduction to One Hot Vectors\n",
    "- Prepare output labels for the input data\n",
    "- Define the model\n",
    "- Train the model and visualize the results\n",
    "\n",
    "**Model used here is quite simple to help understand the concept of multiple outputs.** However, note it is not able to encapsulate the classes uniquely (refer below decision boundaries... red/green/blue do not have only one respective class on one side). **The model needs to be more complicated to handle this complexity**.\n",
    "\n",
    "<img src = \"images/Output.JPG\">"
   ]
  },
  {
   "cell_type": "markdown",
   "metadata": {},
   "source": [
    "### How to setup the Environment"
   ]
  },
  {
   "cell_type": "markdown",
   "metadata": {},
   "source": [
    "I am using **Julia REPL** and **Jupyter Environment** for the notebook. If you wish to setup this environment, here is what I did:\n",
    "- I installed Julia 1.3.1 from: https://julialang.org/downloads/\n",
    "- Once I installed Julia, I invoked Jupyter Environment from the REPL using following:\n",
    "    - julia> using IJulia\n",
    "    - julia> notebook(detached=true)     \n",
    "- I created a New Notebook (File->New Notebook... select Julia) ... which is this notebook and started editing."
   ]
  },
  {
   "cell_type": "markdown",
   "metadata": {},
   "source": [
    "### Where to get the datasets from"
   ]
  },
  {
   "cell_type": "markdown",
   "metadata": {},
   "source": [
    "I got data files from this URL as mentioned in the course: https://github.com/JuliaComputing/JuliaAcademyData.jl\n",
    "- go to \"courses/Deep learning with Flux/data/\"\n",
    "- you will find files: Apple_Golden_1.dat, Apple_Golden_2.dat, Apple_Golden_3.dat, Banana.dat, Grape_White.dat, Grape_White_2.dat"
   ]
  },
  {
   "cell_type": "markdown",
   "metadata": {},
   "source": [
    "### Which packages to install and how"
   ]
  },
  {
   "cell_type": "markdown",
   "metadata": {},
   "source": [
    "I added the packages I did not have on my system - so that can use them during the course - by using following code at the REPL\n",
    "- **Flux**\n",
    "    - is the deep learning package from Julia - helps create/train/use models\n",
    "    - julia> using Pkg\n",
    "    - julia> Pkg.add(\"Flux\")\n",
    "- **Plots**\n",
    "    - helps create graphs for visualization as you build & refine your model\n",
    "    - julia> using Pkg\n",
    "    - julia> Pkg.add(\"Plots\")\n",
    "- **CSV**\n",
    "    - helps read data from CSV files to use as inputs for the model\n",
    "    - julia> using Pkg\n",
    "    - julia> Pkg.add(\"CSV\")\n",
    "- **DataFrames**\n",
    "    - data is stored/modified in structures called dataframes, dataframes provides support for same. \n",
    "    - julia> using Pkg\n",
    "    - julia> Pkg.add(\"DataFrames\")"
   ]
  },
  {
   "cell_type": "markdown",
   "metadata": {},
   "source": [
    "### Understanding Multiple Output Model"
   ]
  },
  {
   "cell_type": "markdown",
   "metadata": {},
   "source": [
    "**Binary Classification Model**\n",
    "- Refer https://github.com/crhota/Binary-Classification-Model-using-Julia-Flux\n",
    "- We had the model as Dense(2,1,σ)\n",
    "- Number of Inputs = 2 = Red and Green Values of the Images\n",
    "- Number of Outputs = 1 (Single Neuron)\n",
    "    - Value of this output is binary ... 1(banana), 0(not a banana i.e. apple)  "
   ]
  },
  {
   "cell_type": "markdown",
   "metadata": {},
   "source": [
    "**Non-Binary Classification Model**\n",
    "- Here we need to classify between Apples, Bananas and Grapes => Number of Outputs = 3 (Multiple Neurons)\n",
    "- Value of these outputs need to uniquely identify the fruit\n",
    "    - Apple: [1,0,0]\n",
    "    - Banana: [0,1,0]\n",
    "    - Grapes: [0,0,1]\n",
    "    - This output is a 3x1 Column Vector 1/0 in each row signifies it is that particular fruit Y/N and will have values as:\n",
    "        - [1;0;0] for Apple\n",
    "        - [0;1;0] for Banana\n",
    "        - [0;0;1] for Grapes\n",
    "- We will use Red and Blue values of the images as inputs => Number of Inputs = 2\n",
    "- Model can then be defined as Dense(2,3,σ)  \n",
    "- Here is the model does dot product of Weights(W) with the Input(x) with sigmoid as the activation function to get a column vector output\n",
    "\n",
    "Note: GPUs are very efficient for matrix multiplication"
   ]
  },
  {
   "cell_type": "markdown",
   "metadata": {},
   "source": [
    "### Quick recap on Matrix Multiplication"
   ]
  },
  {
   "cell_type": "markdown",
   "metadata": {},
   "source": [
    "3 rows x 2 column Matrix"
   ]
  },
  {
   "cell_type": "code",
   "execution_count": 21,
   "metadata": {},
   "outputs": [
    {
     "data": {
      "text/plain": [
       "3×2 Array{Int64,2}:\n",
       " 10  1\n",
       " 20  2\n",
       " 30  3"
      ]
     },
     "execution_count": 21,
     "metadata": {},
     "output_type": "execute_result"
    }
   ],
   "source": [
    "W = [10 1;\n",
    "     20 2;\n",
    "     30 3]"
   ]
  },
  {
   "cell_type": "markdown",
   "metadata": {},
   "source": [
    "2x1 column vector"
   ]
  },
  {
   "cell_type": "code",
   "execution_count": 22,
   "metadata": {},
   "outputs": [
    {
     "data": {
      "text/plain": [
       "2-element Array{Int64,1}:\n",
       " 3\n",
       " 2"
      ]
     },
     "execution_count": 22,
     "metadata": {},
     "output_type": "execute_result"
    }
   ],
   "source": [
    "x = [3;\n",
    "     2]"
   ]
  },
  {
   "cell_type": "markdown",
   "metadata": {},
   "source": [
    "3x2 Matrix multiplied with 2x1 Column Vector to get 3x1 Column Vector"
   ]
  },
  {
   "cell_type": "code",
   "execution_count": 23,
   "metadata": {},
   "outputs": [
    {
     "data": {
      "text/plain": [
       "3-element Array{Int64,1}:\n",
       " 32\n",
       " 64\n",
       " 96"
      ]
     },
     "execution_count": 23,
     "metadata": {},
     "output_type": "execute_result"
    }
   ],
   "source": [
    "W*x"
   ]
  },
  {
   "cell_type": "markdown",
   "metadata": {},
   "source": [
    "1st row of W multiplied with 1st column of x to get [1,1] element"
   ]
  },
  {
   "cell_type": "code",
   "execution_count": 24,
   "metadata": {},
   "outputs": [
    {
     "data": {
      "text/plain": [
       "32"
      ]
     },
     "execution_count": 24,
     "metadata": {},
     "output_type": "execute_result"
    }
   ],
   "source": [
    "W[1,:]'x[:,1]"
   ]
  },
  {
   "cell_type": "markdown",
   "metadata": {},
   "source": [
    "2nd row of W multiplied with 1st column of x to get [2,1] element"
   ]
  },
  {
   "cell_type": "code",
   "execution_count": 25,
   "metadata": {},
   "outputs": [
    {
     "data": {
      "text/plain": [
       "64"
      ]
     },
     "execution_count": 25,
     "metadata": {},
     "output_type": "execute_result"
    }
   ],
   "source": [
    "W[2,:]'x[:,1]"
   ]
  },
  {
   "cell_type": "markdown",
   "metadata": {},
   "source": [
    "3rd row of W multiplied with 1st column of x to get [3,1] element"
   ]
  },
  {
   "cell_type": "code",
   "execution_count": 26,
   "metadata": {},
   "outputs": [
    {
     "data": {
      "text/plain": [
       "96"
      ]
     },
     "execution_count": 26,
     "metadata": {},
     "output_type": "execute_result"
    }
   ],
   "source": [
    "W[3,:]'x[:,1]"
   ]
  },
  {
   "cell_type": "markdown",
   "metadata": {},
   "source": [
    "2x2 Matrix"
   ]
  },
  {
   "cell_type": "code",
   "execution_count": 27,
   "metadata": {},
   "outputs": [
    {
     "data": {
      "text/plain": [
       "2×2 Array{Int64,2}:\n",
       " 3  1\n",
       " 2  3"
      ]
     },
     "execution_count": 27,
     "metadata": {},
     "output_type": "execute_result"
    }
   ],
   "source": [
    "x = [3 1;\n",
    "     2 3]"
   ]
  },
  {
   "cell_type": "markdown",
   "metadata": {},
   "source": [
    "3x2 Matrix multiplied with 2x2 Matrix to get 3x2 Matrix"
   ]
  },
  {
   "cell_type": "code",
   "execution_count": 28,
   "metadata": {},
   "outputs": [
    {
     "data": {
      "text/plain": [
       "3×2 Array{Int64,2}:\n",
       " 32  13\n",
       " 64  26\n",
       " 96  39"
      ]
     },
     "execution_count": 28,
     "metadata": {},
     "output_type": "execute_result"
    }
   ],
   "source": [
    "W*x"
   ]
  },
  {
   "cell_type": "markdown",
   "metadata": {},
   "source": [
    "### Prepare input data for the model"
   ]
  },
  {
   "cell_type": "markdown",
   "metadata": {},
   "source": [
    "Load data for Apples"
   ]
  },
  {
   "cell_type": "code",
   "execution_count": 29,
   "metadata": {},
   "outputs": [],
   "source": [
    "using CSV, DataFrames"
   ]
  },
  {
   "cell_type": "code",
   "execution_count": 30,
   "metadata": {},
   "outputs": [
    {
     "name": "stderr",
     "output_type": "stream",
     "text": [
      "┌ Warning: `allowmissing` is a deprecated keyword argument\n",
      "└ @ CSV C:\\Users\\Chinmoy\\.julia\\packages\\CSV\\1vUJg\\src\\CSV.jl:324\n"
     ]
    },
    {
     "data": {
      "text/html": [
       "<table class=\"data-frame\"><thead><tr><th></th><th>height</th><th>width</th><th>red</th><th>green</th><th>blue</th></tr><tr><th></th><th>Int64</th><th>Int64</th><th>Float64</th><th>Float64</th><th>Float64</th></tr></thead><tbody><p>492 rows × 5 columns</p><tr><th>1</th><td>94</td><td>99</td><td>0.708703</td><td>0.641282</td><td>0.341998</td></tr><tr><th>2</th><td>94</td><td>99</td><td>0.648376</td><td>0.553169</td><td>0.284163</td></tr><tr><th>3</th><td>94</td><td>99</td><td>0.647237</td><td>0.553302</td><td>0.282579</td></tr><tr><th>4</th><td>94</td><td>99</td><td>0.647963</td><td>0.55323</td><td>0.283689</td></tr><tr><th>5</th><td>94</td><td>99</td><td>0.647653</td><td>0.554047</td><td>0.2846</td></tr><tr><th>6</th><td>94</td><td>99</td><td>0.648491</td><td>0.553821</td><td>0.28597</td></tr><tr><th>7</th><td>94</td><td>99</td><td>0.647974</td><td>0.554518</td><td>0.285646</td></tr><tr><th>8</th><td>94</td><td>99</td><td>0.649307</td><td>0.554399</td><td>0.287323</td></tr><tr><th>9</th><td>95</td><td>99</td><td>0.648141</td><td>0.554708</td><td>0.286103</td></tr><tr><th>10</th><td>94</td><td>99</td><td>0.64984</td><td>0.555665</td><td>0.288396</td></tr><tr><th>11</th><td>94</td><td>99</td><td>0.648446</td><td>0.555576</td><td>0.287733</td></tr><tr><th>12</th><td>93</td><td>99</td><td>0.709808</td><td>0.632473</td><td>0.322328</td></tr><tr><th>13</th><td>94</td><td>99</td><td>0.650164</td><td>0.555766</td><td>0.290677</td></tr><tr><th>14</th><td>94</td><td>99</td><td>0.648559</td><td>0.55616</td><td>0.289418</td></tr><tr><th>15</th><td>94</td><td>99</td><td>0.649962</td><td>0.556236</td><td>0.291103</td></tr><tr><th>16</th><td>95</td><td>99</td><td>0.649647</td><td>0.557418</td><td>0.289967</td></tr><tr><th>17</th><td>94</td><td>99</td><td>0.651025</td><td>0.557286</td><td>0.291807</td></tr><tr><th>18</th><td>95</td><td>99</td><td>0.65027</td><td>0.558168</td><td>0.291461</td></tr><tr><th>19</th><td>95</td><td>99</td><td>0.651783</td><td>0.558308</td><td>0.293002</td></tr><tr><th>20</th><td>94</td><td>99</td><td>0.650977</td><td>0.558912</td><td>0.2924</td></tr><tr><th>21</th><td>94</td><td>99</td><td>0.65221</td><td>0.559075</td><td>0.294162</td></tr><tr><th>22</th><td>93</td><td>99</td><td>0.652461</td><td>0.560904</td><td>0.295357</td></tr><tr><th>23</th><td>92</td><td>99</td><td>0.711113</td><td>0.632653</td><td>0.322901</td></tr><tr><th>24</th><td>94</td><td>99</td><td>0.653428</td><td>0.561029</td><td>0.294798</td></tr><tr><th>25</th><td>94</td><td>99</td><td>0.652609</td><td>0.561379</td><td>0.294178</td></tr><tr><th>26</th><td>94</td><td>99</td><td>0.654217</td><td>0.561951</td><td>0.296725</td></tr><tr><th>27</th><td>94</td><td>99</td><td>0.654206</td><td>0.563154</td><td>0.296578</td></tr><tr><th>28</th><td>95</td><td>99</td><td>0.656178</td><td>0.563776</td><td>0.297602</td></tr><tr><th>29</th><td>95</td><td>99</td><td>0.655205</td><td>0.56424</td><td>0.296639</td></tr><tr><th>30</th><td>94</td><td>99</td><td>0.65671</td><td>0.563949</td><td>0.297881</td></tr><tr><th>&vellip;</th><td>&vellip;</td><td>&vellip;</td><td>&vellip;</td><td>&vellip;</td><td>&vellip;</td></tr></tbody></table>"
      ],
      "text/latex": [
       "\\begin{tabular}{r|ccccc}\n",
       "\t& height & width & red & green & blue\\\\\n",
       "\t\\hline\n",
       "\t& Int64 & Int64 & Float64 & Float64 & Float64\\\\\n",
       "\t\\hline\n",
       "\t1 & 94 & 99 & 0.708703 & 0.641282 & 0.341998 \\\\\n",
       "\t2 & 94 & 99 & 0.648376 & 0.553169 & 0.284163 \\\\\n",
       "\t3 & 94 & 99 & 0.647237 & 0.553302 & 0.282579 \\\\\n",
       "\t4 & 94 & 99 & 0.647963 & 0.55323 & 0.283689 \\\\\n",
       "\t5 & 94 & 99 & 0.647653 & 0.554047 & 0.2846 \\\\\n",
       "\t6 & 94 & 99 & 0.648491 & 0.553821 & 0.28597 \\\\\n",
       "\t7 & 94 & 99 & 0.647974 & 0.554518 & 0.285646 \\\\\n",
       "\t8 & 94 & 99 & 0.649307 & 0.554399 & 0.287323 \\\\\n",
       "\t9 & 95 & 99 & 0.648141 & 0.554708 & 0.286103 \\\\\n",
       "\t10 & 94 & 99 & 0.64984 & 0.555665 & 0.288396 \\\\\n",
       "\t11 & 94 & 99 & 0.648446 & 0.555576 & 0.287733 \\\\\n",
       "\t12 & 93 & 99 & 0.709808 & 0.632473 & 0.322328 \\\\\n",
       "\t13 & 94 & 99 & 0.650164 & 0.555766 & 0.290677 \\\\\n",
       "\t14 & 94 & 99 & 0.648559 & 0.55616 & 0.289418 \\\\\n",
       "\t15 & 94 & 99 & 0.649962 & 0.556236 & 0.291103 \\\\\n",
       "\t16 & 95 & 99 & 0.649647 & 0.557418 & 0.289967 \\\\\n",
       "\t17 & 94 & 99 & 0.651025 & 0.557286 & 0.291807 \\\\\n",
       "\t18 & 95 & 99 & 0.65027 & 0.558168 & 0.291461 \\\\\n",
       "\t19 & 95 & 99 & 0.651783 & 0.558308 & 0.293002 \\\\\n",
       "\t20 & 94 & 99 & 0.650977 & 0.558912 & 0.2924 \\\\\n",
       "\t21 & 94 & 99 & 0.65221 & 0.559075 & 0.294162 \\\\\n",
       "\t22 & 93 & 99 & 0.652461 & 0.560904 & 0.295357 \\\\\n",
       "\t23 & 92 & 99 & 0.711113 & 0.632653 & 0.322901 \\\\\n",
       "\t24 & 94 & 99 & 0.653428 & 0.561029 & 0.294798 \\\\\n",
       "\t25 & 94 & 99 & 0.652609 & 0.561379 & 0.294178 \\\\\n",
       "\t26 & 94 & 99 & 0.654217 & 0.561951 & 0.296725 \\\\\n",
       "\t27 & 94 & 99 & 0.654206 & 0.563154 & 0.296578 \\\\\n",
       "\t28 & 95 & 99 & 0.656178 & 0.563776 & 0.297602 \\\\\n",
       "\t29 & 95 & 99 & 0.655205 & 0.56424 & 0.296639 \\\\\n",
       "\t30 & 94 & 99 & 0.65671 & 0.563949 & 0.297881 \\\\\n",
       "\t$\\dots$ & $\\dots$ & $\\dots$ & $\\dots$ & $\\dots$ & $\\dots$ \\\\\n",
       "\\end{tabular}\n"
      ],
      "text/plain": [
       "492×5 DataFrame\n",
       "│ Row │ height │ width │ red      │ green    │ blue     │\n",
       "│     │ \u001b[90mInt64\u001b[39m  │ \u001b[90mInt64\u001b[39m │ \u001b[90mFloat64\u001b[39m  │ \u001b[90mFloat64\u001b[39m  │ \u001b[90mFloat64\u001b[39m  │\n",
       "├─────┼────────┼───────┼──────────┼──────────┼──────────┤\n",
       "│ 1   │ 94     │ 99    │ 0.708703 │ 0.641282 │ 0.341998 │\n",
       "│ 2   │ 94     │ 99    │ 0.648376 │ 0.553169 │ 0.284163 │\n",
       "│ 3   │ 94     │ 99    │ 0.647237 │ 0.553302 │ 0.282579 │\n",
       "│ 4   │ 94     │ 99    │ 0.647963 │ 0.55323  │ 0.283689 │\n",
       "│ 5   │ 94     │ 99    │ 0.647653 │ 0.554047 │ 0.2846   │\n",
       "│ 6   │ 94     │ 99    │ 0.648491 │ 0.553821 │ 0.28597  │\n",
       "│ 7   │ 94     │ 99    │ 0.647974 │ 0.554518 │ 0.285646 │\n",
       "│ 8   │ 94     │ 99    │ 0.649307 │ 0.554399 │ 0.287323 │\n",
       "│ 9   │ 95     │ 99    │ 0.648141 │ 0.554708 │ 0.286103 │\n",
       "│ 10  │ 94     │ 99    │ 0.64984  │ 0.555665 │ 0.288396 │\n",
       "⋮\n",
       "│ 482 │ 99     │ 96    │ 0.707738 │ 0.617061 │ 0.308886 │\n",
       "│ 483 │ 99     │ 96    │ 0.710167 │ 0.618179 │ 0.311075 │\n",
       "│ 484 │ 99     │ 96    │ 0.71019  │ 0.619305 │ 0.31039  │\n",
       "│ 485 │ 99     │ 96    │ 0.712168 │ 0.620428 │ 0.312387 │\n",
       "│ 486 │ 99     │ 95    │ 0.712654 │ 0.62141  │ 0.311317 │\n",
       "│ 487 │ 99     │ 95    │ 0.71442  │ 0.6222   │ 0.313126 │\n",
       "│ 488 │ 99     │ 96    │ 0.714733 │ 0.623589 │ 0.313031 │\n",
       "│ 489 │ 99     │ 96    │ 0.717374 │ 0.625798 │ 0.313605 │\n",
       "│ 490 │ 99     │ 97    │ 0.719258 │ 0.626889 │ 0.315844 │\n",
       "│ 491 │ 99     │ 97    │ 0.733532 │ 0.641595 │ 0.32047  │\n",
       "│ 492 │ 99     │ 96    │ 0.719269 │ 0.627957 │ 0.314972 │"
      ]
     },
     "execution_count": 30,
     "metadata": {},
     "output_type": "execute_result"
    }
   ],
   "source": [
    "apples1 = DataFrame(CSV.File(\"data/Apple_Golden_1.dat\", delim='\\t', allowmissing=:none, normalizenames=true))"
   ]
  },
  {
   "cell_type": "code",
   "execution_count": 31,
   "metadata": {},
   "outputs": [
    {
     "name": "stderr",
     "output_type": "stream",
     "text": [
      "┌ Warning: `allowmissing` is a deprecated keyword argument\n",
      "└ @ CSV C:\\Users\\Chinmoy\\.julia\\packages\\CSV\\1vUJg\\src\\CSV.jl:324\n"
     ]
    },
    {
     "data": {
      "text/html": [
       "<table class=\"data-frame\"><thead><tr><th></th><th>height</th><th>width</th><th>red</th><th>green</th><th>blue</th></tr><tr><th></th><th>Int64</th><th>Int64</th><th>Float64</th><th>Float64</th><th>Float64</th></tr></thead><tbody><p>492 rows × 5 columns</p><tr><th>1</th><td>99</td><td>92</td><td>0.71703</td><td>0.684791</td><td>0.357799</td></tr><tr><th>2</th><td>99</td><td>95</td><td>0.73039</td><td>0.698491</td><td>0.36199</td></tr><tr><th>3</th><td>99</td><td>96</td><td>0.729533</td><td>0.698145</td><td>0.362435</td></tr><tr><th>4</th><td>99</td><td>96</td><td>0.730537</td><td>0.698331</td><td>0.363403</td></tr><tr><th>5</th><td>99</td><td>96</td><td>0.729571</td><td>0.698209</td><td>0.363633</td></tr><tr><th>6</th><td>99</td><td>96</td><td>0.730271</td><td>0.698491</td><td>0.364783</td></tr><tr><th>7</th><td>99</td><td>96</td><td>0.72994</td><td>0.698697</td><td>0.364783</td></tr><tr><th>8</th><td>99</td><td>96</td><td>0.730908</td><td>0.699477</td><td>0.366585</td></tr><tr><th>9</th><td>99</td><td>96</td><td>0.730487</td><td>0.699299</td><td>0.366038</td></tr><tr><th>10</th><td>99</td><td>96</td><td>0.731792</td><td>0.699934</td><td>0.367843</td></tr><tr><th>11</th><td>99</td><td>96</td><td>0.731435</td><td>0.700237</td><td>0.368507</td></tr><tr><th>12</th><td>99</td><td>92</td><td>0.717241</td><td>0.684441</td><td>0.35446</td></tr><tr><th>13</th><td>99</td><td>96</td><td>0.732038</td><td>0.700671</td><td>0.369619</td></tr><tr><th>14</th><td>99</td><td>96</td><td>0.731887</td><td>0.700769</td><td>0.369617</td></tr><tr><th>15</th><td>99</td><td>96</td><td>0.732767</td><td>0.700993</td><td>0.370593</td></tr><tr><th>16</th><td>99</td><td>96</td><td>0.73164</td><td>0.70053</td><td>0.370483</td></tr><tr><th>17</th><td>99</td><td>95</td><td>0.732242</td><td>0.700833</td><td>0.371597</td></tr><tr><th>18</th><td>99</td><td>96</td><td>0.731363</td><td>0.700062</td><td>0.370416</td></tr><tr><th>19</th><td>99</td><td>96</td><td>0.730508</td><td>0.699232</td><td>0.370893</td></tr><tr><th>20</th><td>99</td><td>96</td><td>0.728357</td><td>0.697832</td><td>0.368354</td></tr><tr><th>21</th><td>99</td><td>95</td><td>0.728175</td><td>0.697299</td><td>0.3683</td></tr><tr><th>22</th><td>99</td><td>95</td><td>0.727182</td><td>0.696622</td><td>0.366732</td></tr><tr><th>23</th><td>99</td><td>92</td><td>0.717069</td><td>0.684795</td><td>0.353892</td></tr><tr><th>24</th><td>99</td><td>95</td><td>0.726874</td><td>0.695547</td><td>0.366997</td></tr><tr><th>25</th><td>99</td><td>95</td><td>0.725476</td><td>0.694978</td><td>0.366169</td></tr><tr><th>26</th><td>99</td><td>95</td><td>0.72611</td><td>0.694912</td><td>0.367168</td></tr><tr><th>27</th><td>99</td><td>95</td><td>0.725214</td><td>0.694704</td><td>0.366314</td></tr><tr><th>28</th><td>99</td><td>95</td><td>0.725559</td><td>0.694125</td><td>0.366665</td></tr><tr><th>29</th><td>99</td><td>94</td><td>0.72456</td><td>0.693699</td><td>0.36486</td></tr><tr><th>30</th><td>99</td><td>94</td><td>0.7247</td><td>0.693449</td><td>0.366543</td></tr><tr><th>&vellip;</th><td>&vellip;</td><td>&vellip;</td><td>&vellip;</td><td>&vellip;</td><td>&vellip;</td></tr></tbody></table>"
      ],
      "text/latex": [
       "\\begin{tabular}{r|ccccc}\n",
       "\t& height & width & red & green & blue\\\\\n",
       "\t\\hline\n",
       "\t& Int64 & Int64 & Float64 & Float64 & Float64\\\\\n",
       "\t\\hline\n",
       "\t1 & 99 & 92 & 0.71703 & 0.684791 & 0.357799 \\\\\n",
       "\t2 & 99 & 95 & 0.73039 & 0.698491 & 0.36199 \\\\\n",
       "\t3 & 99 & 96 & 0.729533 & 0.698145 & 0.362435 \\\\\n",
       "\t4 & 99 & 96 & 0.730537 & 0.698331 & 0.363403 \\\\\n",
       "\t5 & 99 & 96 & 0.729571 & 0.698209 & 0.363633 \\\\\n",
       "\t6 & 99 & 96 & 0.730271 & 0.698491 & 0.364783 \\\\\n",
       "\t7 & 99 & 96 & 0.72994 & 0.698697 & 0.364783 \\\\\n",
       "\t8 & 99 & 96 & 0.730908 & 0.699477 & 0.366585 \\\\\n",
       "\t9 & 99 & 96 & 0.730487 & 0.699299 & 0.366038 \\\\\n",
       "\t10 & 99 & 96 & 0.731792 & 0.699934 & 0.367843 \\\\\n",
       "\t11 & 99 & 96 & 0.731435 & 0.700237 & 0.368507 \\\\\n",
       "\t12 & 99 & 92 & 0.717241 & 0.684441 & 0.35446 \\\\\n",
       "\t13 & 99 & 96 & 0.732038 & 0.700671 & 0.369619 \\\\\n",
       "\t14 & 99 & 96 & 0.731887 & 0.700769 & 0.369617 \\\\\n",
       "\t15 & 99 & 96 & 0.732767 & 0.700993 & 0.370593 \\\\\n",
       "\t16 & 99 & 96 & 0.73164 & 0.70053 & 0.370483 \\\\\n",
       "\t17 & 99 & 95 & 0.732242 & 0.700833 & 0.371597 \\\\\n",
       "\t18 & 99 & 96 & 0.731363 & 0.700062 & 0.370416 \\\\\n",
       "\t19 & 99 & 96 & 0.730508 & 0.699232 & 0.370893 \\\\\n",
       "\t20 & 99 & 96 & 0.728357 & 0.697832 & 0.368354 \\\\\n",
       "\t21 & 99 & 95 & 0.728175 & 0.697299 & 0.3683 \\\\\n",
       "\t22 & 99 & 95 & 0.727182 & 0.696622 & 0.366732 \\\\\n",
       "\t23 & 99 & 92 & 0.717069 & 0.684795 & 0.353892 \\\\\n",
       "\t24 & 99 & 95 & 0.726874 & 0.695547 & 0.366997 \\\\\n",
       "\t25 & 99 & 95 & 0.725476 & 0.694978 & 0.366169 \\\\\n",
       "\t26 & 99 & 95 & 0.72611 & 0.694912 & 0.367168 \\\\\n",
       "\t27 & 99 & 95 & 0.725214 & 0.694704 & 0.366314 \\\\\n",
       "\t28 & 99 & 95 & 0.725559 & 0.694125 & 0.366665 \\\\\n",
       "\t29 & 99 & 94 & 0.72456 & 0.693699 & 0.36486 \\\\\n",
       "\t30 & 99 & 94 & 0.7247 & 0.693449 & 0.366543 \\\\\n",
       "\t$\\dots$ & $\\dots$ & $\\dots$ & $\\dots$ & $\\dots$ & $\\dots$ \\\\\n",
       "\\end{tabular}\n"
      ],
      "text/plain": [
       "492×5 DataFrame\n",
       "│ Row │ height │ width │ red      │ green    │ blue     │\n",
       "│     │ \u001b[90mInt64\u001b[39m  │ \u001b[90mInt64\u001b[39m │ \u001b[90mFloat64\u001b[39m  │ \u001b[90mFloat64\u001b[39m  │ \u001b[90mFloat64\u001b[39m  │\n",
       "├─────┼────────┼───────┼──────────┼──────────┼──────────┤\n",
       "│ 1   │ 99     │ 92    │ 0.71703  │ 0.684791 │ 0.357799 │\n",
       "│ 2   │ 99     │ 95    │ 0.73039  │ 0.698491 │ 0.36199  │\n",
       "│ 3   │ 99     │ 96    │ 0.729533 │ 0.698145 │ 0.362435 │\n",
       "│ 4   │ 99     │ 96    │ 0.730537 │ 0.698331 │ 0.363403 │\n",
       "│ 5   │ 99     │ 96    │ 0.729571 │ 0.698209 │ 0.363633 │\n",
       "│ 6   │ 99     │ 96    │ 0.730271 │ 0.698491 │ 0.364783 │\n",
       "│ 7   │ 99     │ 96    │ 0.72994  │ 0.698697 │ 0.364783 │\n",
       "│ 8   │ 99     │ 96    │ 0.730908 │ 0.699477 │ 0.366585 │\n",
       "│ 9   │ 99     │ 96    │ 0.730487 │ 0.699299 │ 0.366038 │\n",
       "│ 10  │ 99     │ 96    │ 0.731792 │ 0.699934 │ 0.367843 │\n",
       "⋮\n",
       "│ 482 │ 81     │ 99    │ 0.684261 │ 0.645872 │ 0.325129 │\n",
       "│ 483 │ 81     │ 99    │ 0.686374 │ 0.647239 │ 0.326295 │\n",
       "│ 484 │ 81     │ 99    │ 0.686239 │ 0.648063 │ 0.325805 │\n",
       "│ 485 │ 81     │ 99    │ 0.688099 │ 0.64875  │ 0.327156 │\n",
       "│ 486 │ 81     │ 99    │ 0.688188 │ 0.64939  │ 0.326395 │\n",
       "│ 487 │ 81     │ 99    │ 0.690152 │ 0.650878 │ 0.328836 │\n",
       "│ 488 │ 81     │ 99    │ 0.690771 │ 0.651827 │ 0.327922 │\n",
       "│ 489 │ 81     │ 99    │ 0.69247  │ 0.653762 │ 0.330209 │\n",
       "│ 490 │ 81     │ 99    │ 0.693099 │ 0.655042 │ 0.33     │\n",
       "│ 491 │ 83     │ 98    │ 0.718734 │ 0.685921 │ 0.360534 │\n",
       "│ 492 │ 81     │ 99    │ 0.695277 │ 0.656644 │ 0.332553 │"
      ]
     },
     "execution_count": 31,
     "metadata": {},
     "output_type": "execute_result"
    }
   ],
   "source": [
    "apples2 = DataFrame(CSV.File(\"data/Apple_Golden_2.dat\", delim='\\t', allowmissing=:none, normalizenames=true))"
   ]
  },
  {
   "cell_type": "code",
   "execution_count": 32,
   "metadata": {},
   "outputs": [
    {
     "name": "stderr",
     "output_type": "stream",
     "text": [
      "┌ Warning: `allowmissing` is a deprecated keyword argument\n",
      "└ @ CSV C:\\Users\\Chinmoy\\.julia\\packages\\CSV\\1vUJg\\src\\CSV.jl:324\n"
     ]
    },
    {
     "data": {
      "text/html": [
       "<table class=\"data-frame\"><thead><tr><th></th><th>height</th><th>width</th><th>red</th><th>green</th><th>blue</th></tr><tr><th></th><th>Int64</th><th>Int64</th><th>Float64</th><th>Float64</th><th>Float64</th></tr></thead><tbody><p>481 rows × 5 columns</p><tr><th>1</th><td>89</td><td>99</td><td>0.566035</td><td>0.548685</td><td>0.281514</td></tr><tr><th>2</th><td>93</td><td>99</td><td>0.573322</td><td>0.541867</td><td>0.278527</td></tr><tr><th>3</th><td>93</td><td>99</td><td>0.574705</td><td>0.542583</td><td>0.280472</td></tr><tr><th>4</th><td>93</td><td>99</td><td>0.574171</td><td>0.543112</td><td>0.279689</td></tr><tr><th>5</th><td>92</td><td>99</td><td>0.57618</td><td>0.543973</td><td>0.282548</td></tr><tr><th>6</th><td>94</td><td>99</td><td>0.574841</td><td>0.543413</td><td>0.279768</td></tr><tr><th>7</th><td>93</td><td>99</td><td>0.575939</td><td>0.543677</td><td>0.282983</td></tr><tr><th>8</th><td>94</td><td>99</td><td>0.574842</td><td>0.543265</td><td>0.28047</td></tr><tr><th>9</th><td>94</td><td>99</td><td>0.575632</td><td>0.543576</td><td>0.282367</td></tr><tr><th>10</th><td>94</td><td>99</td><td>0.574631</td><td>0.543108</td><td>0.281422</td></tr><tr><th>11</th><td>94</td><td>99</td><td>0.57526</td><td>0.543034</td><td>0.282844</td></tr><tr><th>12</th><td>89</td><td>99</td><td>0.551406</td><td>0.534471</td><td>0.269868</td></tr><tr><th>13</th><td>94</td><td>99</td><td>0.574716</td><td>0.542771</td><td>0.282352</td></tr><tr><th>14</th><td>94</td><td>99</td><td>0.575619</td><td>0.542871</td><td>0.284232</td></tr><tr><th>15</th><td>94</td><td>99</td><td>0.574261</td><td>0.542397</td><td>0.282969</td></tr><tr><th>16</th><td>94</td><td>99</td><td>0.575405</td><td>0.54237</td><td>0.284437</td></tr><tr><th>17</th><td>94</td><td>99</td><td>0.57442</td><td>0.54176</td><td>0.283372</td></tr><tr><th>18</th><td>94</td><td>99</td><td>0.574597</td><td>0.541187</td><td>0.284517</td></tr><tr><th>19</th><td>93</td><td>99</td><td>0.573415</td><td>0.540876</td><td>0.283691</td></tr><tr><th>20</th><td>93</td><td>99</td><td>0.573883</td><td>0.540642</td><td>0.285132</td></tr><tr><th>21</th><td>94</td><td>99</td><td>0.572494</td><td>0.540019</td><td>0.284147</td></tr><tr><th>22</th><td>93</td><td>99</td><td>0.572748</td><td>0.539539</td><td>0.284154</td></tr><tr><th>23</th><td>89</td><td>99</td><td>0.550511</td><td>0.532891</td><td>0.269302</td></tr><tr><th>24</th><td>93</td><td>99</td><td>0.570968</td><td>0.538485</td><td>0.282071</td></tr><tr><th>25</th><td>94</td><td>99</td><td>0.571618</td><td>0.538624</td><td>0.283957</td></tr><tr><th>26</th><td>94</td><td>99</td><td>0.570614</td><td>0.537868</td><td>0.282543</td></tr><tr><th>27</th><td>93</td><td>99</td><td>0.570636</td><td>0.537357</td><td>0.283953</td></tr><tr><th>28</th><td>94</td><td>99</td><td>0.569296</td><td>0.536525</td><td>0.282709</td></tr><tr><th>29</th><td>93</td><td>99</td><td>0.569868</td><td>0.536064</td><td>0.284239</td></tr><tr><th>30</th><td>94</td><td>99</td><td>0.568152</td><td>0.534975</td><td>0.282768</td></tr><tr><th>&vellip;</th><td>&vellip;</td><td>&vellip;</td><td>&vellip;</td><td>&vellip;</td><td>&vellip;</td></tr></tbody></table>"
      ],
      "text/latex": [
       "\\begin{tabular}{r|ccccc}\n",
       "\t& height & width & red & green & blue\\\\\n",
       "\t\\hline\n",
       "\t& Int64 & Int64 & Float64 & Float64 & Float64\\\\\n",
       "\t\\hline\n",
       "\t1 & 89 & 99 & 0.566035 & 0.548685 & 0.281514 \\\\\n",
       "\t2 & 93 & 99 & 0.573322 & 0.541867 & 0.278527 \\\\\n",
       "\t3 & 93 & 99 & 0.574705 & 0.542583 & 0.280472 \\\\\n",
       "\t4 & 93 & 99 & 0.574171 & 0.543112 & 0.279689 \\\\\n",
       "\t5 & 92 & 99 & 0.57618 & 0.543973 & 0.282548 \\\\\n",
       "\t6 & 94 & 99 & 0.574841 & 0.543413 & 0.279768 \\\\\n",
       "\t7 & 93 & 99 & 0.575939 & 0.543677 & 0.282983 \\\\\n",
       "\t8 & 94 & 99 & 0.574842 & 0.543265 & 0.28047 \\\\\n",
       "\t9 & 94 & 99 & 0.575632 & 0.543576 & 0.282367 \\\\\n",
       "\t10 & 94 & 99 & 0.574631 & 0.543108 & 0.281422 \\\\\n",
       "\t11 & 94 & 99 & 0.57526 & 0.543034 & 0.282844 \\\\\n",
       "\t12 & 89 & 99 & 0.551406 & 0.534471 & 0.269868 \\\\\n",
       "\t13 & 94 & 99 & 0.574716 & 0.542771 & 0.282352 \\\\\n",
       "\t14 & 94 & 99 & 0.575619 & 0.542871 & 0.284232 \\\\\n",
       "\t15 & 94 & 99 & 0.574261 & 0.542397 & 0.282969 \\\\\n",
       "\t16 & 94 & 99 & 0.575405 & 0.54237 & 0.284437 \\\\\n",
       "\t17 & 94 & 99 & 0.57442 & 0.54176 & 0.283372 \\\\\n",
       "\t18 & 94 & 99 & 0.574597 & 0.541187 & 0.284517 \\\\\n",
       "\t19 & 93 & 99 & 0.573415 & 0.540876 & 0.283691 \\\\\n",
       "\t20 & 93 & 99 & 0.573883 & 0.540642 & 0.285132 \\\\\n",
       "\t21 & 94 & 99 & 0.572494 & 0.540019 & 0.284147 \\\\\n",
       "\t22 & 93 & 99 & 0.572748 & 0.539539 & 0.284154 \\\\\n",
       "\t23 & 89 & 99 & 0.550511 & 0.532891 & 0.269302 \\\\\n",
       "\t24 & 93 & 99 & 0.570968 & 0.538485 & 0.282071 \\\\\n",
       "\t25 & 94 & 99 & 0.571618 & 0.538624 & 0.283957 \\\\\n",
       "\t26 & 94 & 99 & 0.570614 & 0.537868 & 0.282543 \\\\\n",
       "\t27 & 93 & 99 & 0.570636 & 0.537357 & 0.283953 \\\\\n",
       "\t28 & 94 & 99 & 0.569296 & 0.536525 & 0.282709 \\\\\n",
       "\t29 & 93 & 99 & 0.569868 & 0.536064 & 0.284239 \\\\\n",
       "\t30 & 94 & 99 & 0.568152 & 0.534975 & 0.282768 \\\\\n",
       "\t$\\dots$ & $\\dots$ & $\\dots$ & $\\dots$ & $\\dots$ & $\\dots$ \\\\\n",
       "\\end{tabular}\n"
      ],
      "text/plain": [
       "481×5 DataFrame\n",
       "│ Row │ height │ width │ red      │ green    │ blue     │\n",
       "│     │ \u001b[90mInt64\u001b[39m  │ \u001b[90mInt64\u001b[39m │ \u001b[90mFloat64\u001b[39m  │ \u001b[90mFloat64\u001b[39m  │ \u001b[90mFloat64\u001b[39m  │\n",
       "├─────┼────────┼───────┼──────────┼──────────┼──────────┤\n",
       "│ 1   │ 89     │ 99    │ 0.566035 │ 0.548685 │ 0.281514 │\n",
       "│ 2   │ 93     │ 99    │ 0.573322 │ 0.541867 │ 0.278527 │\n",
       "│ 3   │ 93     │ 99    │ 0.574705 │ 0.542583 │ 0.280472 │\n",
       "│ 4   │ 93     │ 99    │ 0.574171 │ 0.543112 │ 0.279689 │\n",
       "│ 5   │ 92     │ 99    │ 0.57618  │ 0.543973 │ 0.282548 │\n",
       "│ 6   │ 94     │ 99    │ 0.574841 │ 0.543413 │ 0.279768 │\n",
       "│ 7   │ 93     │ 99    │ 0.575939 │ 0.543677 │ 0.282983 │\n",
       "│ 8   │ 94     │ 99    │ 0.574842 │ 0.543265 │ 0.28047  │\n",
       "│ 9   │ 94     │ 99    │ 0.575632 │ 0.543576 │ 0.282367 │\n",
       "│ 10  │ 94     │ 99    │ 0.574631 │ 0.543108 │ 0.281422 │\n",
       "⋮\n",
       "│ 471 │ 98     │ 99    │ 0.532004 │ 0.5109   │ 0.257095 │\n",
       "│ 472 │ 98     │ 99    │ 0.531643 │ 0.510807 │ 0.255718 │\n",
       "│ 473 │ 98     │ 99    │ 0.532732 │ 0.510599 │ 0.256487 │\n",
       "│ 474 │ 99     │ 99    │ 0.531622 │ 0.510178 │ 0.253899 │\n",
       "│ 475 │ 98     │ 99    │ 0.53381  │ 0.511457 │ 0.256605 │\n",
       "│ 476 │ 98     │ 99    │ 0.534201 │ 0.512264 │ 0.256402 │\n",
       "│ 477 │ 99     │ 99    │ 0.535834 │ 0.512988 │ 0.258061 │\n",
       "│ 478 │ 98     │ 99    │ 0.536262 │ 0.513907 │ 0.257634 │\n",
       "│ 479 │ 99     │ 99    │ 0.538111 │ 0.514933 │ 0.259346 │\n",
       "│ 480 │ 99     │ 96    │ 0.559121 │ 0.531594 │ 0.28     │\n",
       "│ 481 │ 99     │ 99    │ 0.539133 │ 0.516102 │ 0.259441 │"
      ]
     },
     "execution_count": 32,
     "metadata": {},
     "output_type": "execute_result"
    }
   ],
   "source": [
    "apples3 = DataFrame(CSV.File(\"data/Apple_Golden_3.dat\", delim='\\t', allowmissing=:none, normalizenames=true))"
   ]
  },
  {
   "cell_type": "markdown",
   "metadata": {},
   "source": [
    "Concatenate (combine) all apples data into one"
   ]
  },
  {
   "cell_type": "code",
   "execution_count": 34,
   "metadata": {},
   "outputs": [
    {
     "data": {
      "text/html": [
       "<table class=\"data-frame\"><thead><tr><th></th><th>height</th><th>width</th><th>red</th><th>green</th><th>blue</th></tr><tr><th></th><th>Int64</th><th>Int64</th><th>Float64</th><th>Float64</th><th>Float64</th></tr></thead><tbody><p>1,465 rows × 5 columns</p><tr><th>1</th><td>94</td><td>99</td><td>0.708703</td><td>0.641282</td><td>0.341998</td></tr><tr><th>2</th><td>94</td><td>99</td><td>0.648376</td><td>0.553169</td><td>0.284163</td></tr><tr><th>3</th><td>94</td><td>99</td><td>0.647237</td><td>0.553302</td><td>0.282579</td></tr><tr><th>4</th><td>94</td><td>99</td><td>0.647963</td><td>0.55323</td><td>0.283689</td></tr><tr><th>5</th><td>94</td><td>99</td><td>0.647653</td><td>0.554047</td><td>0.2846</td></tr><tr><th>6</th><td>94</td><td>99</td><td>0.648491</td><td>0.553821</td><td>0.28597</td></tr><tr><th>7</th><td>94</td><td>99</td><td>0.647974</td><td>0.554518</td><td>0.285646</td></tr><tr><th>8</th><td>94</td><td>99</td><td>0.649307</td><td>0.554399</td><td>0.287323</td></tr><tr><th>9</th><td>95</td><td>99</td><td>0.648141</td><td>0.554708</td><td>0.286103</td></tr><tr><th>10</th><td>94</td><td>99</td><td>0.64984</td><td>0.555665</td><td>0.288396</td></tr><tr><th>11</th><td>94</td><td>99</td><td>0.648446</td><td>0.555576</td><td>0.287733</td></tr><tr><th>12</th><td>93</td><td>99</td><td>0.709808</td><td>0.632473</td><td>0.322328</td></tr><tr><th>13</th><td>94</td><td>99</td><td>0.650164</td><td>0.555766</td><td>0.290677</td></tr><tr><th>14</th><td>94</td><td>99</td><td>0.648559</td><td>0.55616</td><td>0.289418</td></tr><tr><th>15</th><td>94</td><td>99</td><td>0.649962</td><td>0.556236</td><td>0.291103</td></tr><tr><th>16</th><td>95</td><td>99</td><td>0.649647</td><td>0.557418</td><td>0.289967</td></tr><tr><th>17</th><td>94</td><td>99</td><td>0.651025</td><td>0.557286</td><td>0.291807</td></tr><tr><th>18</th><td>95</td><td>99</td><td>0.65027</td><td>0.558168</td><td>0.291461</td></tr><tr><th>19</th><td>95</td><td>99</td><td>0.651783</td><td>0.558308</td><td>0.293002</td></tr><tr><th>20</th><td>94</td><td>99</td><td>0.650977</td><td>0.558912</td><td>0.2924</td></tr><tr><th>21</th><td>94</td><td>99</td><td>0.65221</td><td>0.559075</td><td>0.294162</td></tr><tr><th>22</th><td>93</td><td>99</td><td>0.652461</td><td>0.560904</td><td>0.295357</td></tr><tr><th>23</th><td>92</td><td>99</td><td>0.711113</td><td>0.632653</td><td>0.322901</td></tr><tr><th>24</th><td>94</td><td>99</td><td>0.653428</td><td>0.561029</td><td>0.294798</td></tr><tr><th>25</th><td>94</td><td>99</td><td>0.652609</td><td>0.561379</td><td>0.294178</td></tr><tr><th>26</th><td>94</td><td>99</td><td>0.654217</td><td>0.561951</td><td>0.296725</td></tr><tr><th>27</th><td>94</td><td>99</td><td>0.654206</td><td>0.563154</td><td>0.296578</td></tr><tr><th>28</th><td>95</td><td>99</td><td>0.656178</td><td>0.563776</td><td>0.297602</td></tr><tr><th>29</th><td>95</td><td>99</td><td>0.655205</td><td>0.56424</td><td>0.296639</td></tr><tr><th>30</th><td>94</td><td>99</td><td>0.65671</td><td>0.563949</td><td>0.297881</td></tr><tr><th>&vellip;</th><td>&vellip;</td><td>&vellip;</td><td>&vellip;</td><td>&vellip;</td><td>&vellip;</td></tr></tbody></table>"
      ],
      "text/latex": [
       "\\begin{tabular}{r|ccccc}\n",
       "\t& height & width & red & green & blue\\\\\n",
       "\t\\hline\n",
       "\t& Int64 & Int64 & Float64 & Float64 & Float64\\\\\n",
       "\t\\hline\n",
       "\t1 & 94 & 99 & 0.708703 & 0.641282 & 0.341998 \\\\\n",
       "\t2 & 94 & 99 & 0.648376 & 0.553169 & 0.284163 \\\\\n",
       "\t3 & 94 & 99 & 0.647237 & 0.553302 & 0.282579 \\\\\n",
       "\t4 & 94 & 99 & 0.647963 & 0.55323 & 0.283689 \\\\\n",
       "\t5 & 94 & 99 & 0.647653 & 0.554047 & 0.2846 \\\\\n",
       "\t6 & 94 & 99 & 0.648491 & 0.553821 & 0.28597 \\\\\n",
       "\t7 & 94 & 99 & 0.647974 & 0.554518 & 0.285646 \\\\\n",
       "\t8 & 94 & 99 & 0.649307 & 0.554399 & 0.287323 \\\\\n",
       "\t9 & 95 & 99 & 0.648141 & 0.554708 & 0.286103 \\\\\n",
       "\t10 & 94 & 99 & 0.64984 & 0.555665 & 0.288396 \\\\\n",
       "\t11 & 94 & 99 & 0.648446 & 0.555576 & 0.287733 \\\\\n",
       "\t12 & 93 & 99 & 0.709808 & 0.632473 & 0.322328 \\\\\n",
       "\t13 & 94 & 99 & 0.650164 & 0.555766 & 0.290677 \\\\\n",
       "\t14 & 94 & 99 & 0.648559 & 0.55616 & 0.289418 \\\\\n",
       "\t15 & 94 & 99 & 0.649962 & 0.556236 & 0.291103 \\\\\n",
       "\t16 & 95 & 99 & 0.649647 & 0.557418 & 0.289967 \\\\\n",
       "\t17 & 94 & 99 & 0.651025 & 0.557286 & 0.291807 \\\\\n",
       "\t18 & 95 & 99 & 0.65027 & 0.558168 & 0.291461 \\\\\n",
       "\t19 & 95 & 99 & 0.651783 & 0.558308 & 0.293002 \\\\\n",
       "\t20 & 94 & 99 & 0.650977 & 0.558912 & 0.2924 \\\\\n",
       "\t21 & 94 & 99 & 0.65221 & 0.559075 & 0.294162 \\\\\n",
       "\t22 & 93 & 99 & 0.652461 & 0.560904 & 0.295357 \\\\\n",
       "\t23 & 92 & 99 & 0.711113 & 0.632653 & 0.322901 \\\\\n",
       "\t24 & 94 & 99 & 0.653428 & 0.561029 & 0.294798 \\\\\n",
       "\t25 & 94 & 99 & 0.652609 & 0.561379 & 0.294178 \\\\\n",
       "\t26 & 94 & 99 & 0.654217 & 0.561951 & 0.296725 \\\\\n",
       "\t27 & 94 & 99 & 0.654206 & 0.563154 & 0.296578 \\\\\n",
       "\t28 & 95 & 99 & 0.656178 & 0.563776 & 0.297602 \\\\\n",
       "\t29 & 95 & 99 & 0.655205 & 0.56424 & 0.296639 \\\\\n",
       "\t30 & 94 & 99 & 0.65671 & 0.563949 & 0.297881 \\\\\n",
       "\t$\\dots$ & $\\dots$ & $\\dots$ & $\\dots$ & $\\dots$ & $\\dots$ \\\\\n",
       "\\end{tabular}\n"
      ],
      "text/plain": [
       "1465×5 DataFrame\n",
       "│ Row  │ height │ width │ red      │ green    │ blue     │\n",
